331,1478,1209,16951,679,493,33,6432,1580,78,1848,559,124,146,1193,1858,895,3553,1627,5519,1790,95,694,77,135,377,105,842,381,25203,3340,8,982,241,980,1479,194,644,22,1334,10083,1193,651,1623,32785,114,404,26
190,287,425,7504,376,187,20,2559,971,24,794,535,29,53,1158,705,134,2673,939,683,504,33,261,42,28,149,22,452,234,11787,3753,6,429,74,885,609,52,392,6,775,4857,128,191,825,10803,38,221,12
580,675,620,12177,569,328,77,5087,2019,52,1644,666,138,154,1095,902,544,2178,2045,1807,1997,160,655,58,89,167,176,1333,256,18652,4746,16,1219,198,973,1304,137,811,32,1151,6545,249,425,1927,21765,137,600,13
509,1686,343,17102,839,694,78,5977,2326,69,2161,380,265,217,675,1975,2081,1821,1981,6187,1726,109,500,78,171,370,142,1813,552,21605,2994,27,1287,303,1070,2006,279,822,26,1443,9069,545,1432,2297,30880,108,527,15
396,1827,1175,18487,594,394,45,7989,1385,158,1709,682,261,121,449,1525,969,1614,2748,3981,1537,119,1060,115,129,361,93,872,236,23955,978,25,817,265,739,1353,370,641,34,1292,7955,1129,696,1748,31972,126,627,225
136,570,565,10602,178,167,30,2904,574,24,1039,263,26,45,131,980,463,1439,2473,3966,1188,29,417,16,48,114,42,359,184,15751,387,1,425,75,271,517,48,149,1,638,4737,1099,286,1052,12356,169,83,12
399,845,896,13631,468,399,64,4842,1187,59,1638,600,189,130,340,1940,618,1788,2578,3103,1117,108,1152,34,85,191,178,910,136,18617,921,18,1063,195,384,1412,430,494,33,958,7020,1135,370,1519,24796,201,376,794
751,2335,955,16872,678,363,55,6730,1688,93,2226,466,240,208,673,1510,722,1438,2410,2255,1299,139,1097,81,176,344,135,1702,202,23420,1307,24,1389,400,680,1586,605,976,49,1435,7033,747,520,1758,39921,192,491,677
1797,1904,878,16083,611,391,36,8501,1356,174,1476,391,108,491,350,809,556,1365,1725,1955,841,200,893,123,142,466,73,1443,273,29597,957,24,935,312,1296,1830,290,917,39,1240,5605,494,2285,2149,45207,72,323,77
105,904,169,6610,211,126,16,5687,595,158,695,325,44,36,196,403,372,582,1236,947,521,41,593,73,44,221,22,397,61,13363,341,5,341,74,308,437,114,124,10,765,2557,140,162,732,13506,26,130,63
352,1238,439,7912,631,303,42,9410,1204,110,1675,356,160,370,414,760,448,1248,2337,1698,752,133,971,86,101,293,80,1068,93,18936,1195,19,1445,263,453,1500,343,280,24,1051,4088,367,3583,1522,19489,94,331,57
773,1657,471,11253,791,395,40,5946,1339,102,1693,337,118,628,444,828,221,877,2041,1806,1229,104,415,103,158,403,82,1732,200,19101,919,34,1186,373,857,1337,370,1309,20,834,3774,260,3619,1824,23226,86,320,27
900,641,296,9356,376,200,22,4033,719,34,1058,184,70,179,571,359,305,1351,1056,916,556,75,350,41,61,256,37,772,153,17489,626,17,521,235,877,1689,97,333,18,604,2996,310,859,1020,21385,34,293,10
830,574,155,7057,239,214,26,3564,481,14,849,138,27,167,136,211,177,1325,966,956,728,38,366,22,34,91,25,661,152,13828,524,8,550,149,853,1340,71,326,6,382,2142,98,974,762,16368,29,148,4
1168,709,560,9410,364,345,67,5536,1212,47,1608,427,133,180,561,501,327,1420,2061,1379,994,122,412,33,168,198,69,1019,109,19436,1136,24,966,263,610,2130,227,487,17,735,3743,174,1099,1402,24440,66,349,27
1210,937,951,13840,715,446,66,6489,1510,113,2613,441,173,239,1403,1037,414,1260,2431,1379,850,150,514,82,147,351,77,1642,184,32515,1260,22,1543,438,746,1671,274,373,20,916,5359,399,554,1643,33972,64,532,10
317,513,384,8933,301,192,26,2552,500,40,1518,196,57,57,558,273,197,484,1712,915,402,297,410,34,51,290,34,908,100,14779,440,6,480,143,426,713,101,138,7,592,2889,164,241,1089,18171,37,255,7
221,331,194,6197,210,143,23,2237,422,33,2035,177,33,37,451,290,202,389,1662,608,489,174,277,12,53,246,29,992,100,16399,343,7,305,164,275,572,56,87,2,346,1855,126,136,469,15341,26,188,3
438,878,403,9458,464,442,51,4852,863,39,2857,423,136,112,627,452,394,1349,2732,1150,674,220,704,46,162,315,164,2084,166,22091,1244,24,903,234,612,1494,167,240,37,772,3556,183,122,1591,28360,101,426,13
595,1684,1157,12346,669,540,55,5601,1255,57,2386,363,181,214,623,706,388,1185,2832,2246,683,182,838,68,220,550,118,2478,176,27379,1336,37,1362,219,832,2193,274,298,34,1058,5674,401,563,2097,39360,81,437,10
648,227,106,4556,180,106,22,1141,329,7,2401,122,32,19,85,115,96,286,584,777,315,32,262,11,17,346,16,632,35,7549,172,10,182,46,215,366,48,116,7,444,1819,108,50,617,9541,9,72,2
668,338,165,7232,227,197,15,1887,553,32,4909,185,44,34,160,155,128,450,1294,997,617,41,400,16,30,1054,29,777,65,15915,300,14,315,106,404,704,57,155,5,637,3375,128,84,933,16523,13,79,7
1374,402,374,7954,474,641,66,4582,889,32,3853,231,111,113,258,651,351,822,1683,1343,1088,69,417,194,117,987,52,1465,85,16461,821,20,897,171,646,1091,103,773,13,1049,5000,365,723,1352,19774,50,219,10
919,525,1157,12478,703,765,124,6162,1630,36,3516,336,297,145,371,862,238,1034,1862,1503,1058,120,602,195,132,962,109,1388,165,22334,908,26,1550,402,1150,1303,243,751,18,1085,6133,431,662,1178,27055,111,390,9
191,168,402,4739,225,121,23,1776,596,25,987,132,47,32,60,186,54,270,854,489,224,12,120,29,28,178,16,477,48,5719,239,6,338,99,453,301,33,128,1,342,4569,118,194,273,8875,25,153,3
274,302,651,7624,351,513,28,2606,801,22,1468,163,62,25,166,266,60,901,2086,642,271,27,153,44,78,281,19,716,60,10811,319,3,480,124,666,623,158,113,8,443,7697,168,442,501,15360,35,132,5
1655,438,1135,9171,452,408,65,8133,1023,29,1954,291,86,72,268,386,225,790,3183,1400,635,96,357,67,70,251,67,1085,71,14933,944,21,939,153,834,1367,223,162,23,915,5376,233,268,1253,20350,48,320,24
715,659,1194,11434,812,347,159,10211,1354,69,1795,257,169,145,338,621,213,905,3292,2347,616,101,700,58,93,270,110,2063,97,24398,1004,24,965,209,646,1107,765,379,10,1641,5922,338,932,1076,30067,72,332,28
415,2428,458,14386,728,331,26,5319,2853,95,2538,241,127,138,253,424,217,809,3256,1589,990,81,514,66,105,251,78,1708,153,18872,633,12,756,316,837,1089,216,298,14,1071,6010,329,965,1153,27437,76,322,5
249,564,227,9274,316,128,14,4080,1720,86,1118,200,114,44,93,154,130,665,3585,709,326,24,251,16,54,71,21,1379,74,11602,332,3,321,95,442,471,163,121,2,840,2856,140,151,524,13377,19,154,6
537,867,565,10302,780,349,29,5945,2372,128,1698,426,180,96,203,385,303,1436,3228,966,792,97,715,50,104,141,89,1731,97,15218,952,23,932,182,649,1177,320,258,15,1148,4661,152,439,1342,20564,68,281,11
787,3339,1133,16719,868,444,37,5730,3443,62,2166,359,194,136,384,507,359,972,3587,1398,715,93,643,50,142,233,119,2173,157,23736,963,32,1336,245,595,1568,327,583,35,1259,7401,314,2919,1966,29569,98,409,14
120,777,102,4776,272,84,9,1640,746,39,1248,68,35,23,104,130,71,235,825,381,367,29,211,25,24,102,14,560,60,6854,191,5,226,68,363,384,102,97,4,239,2032,146,451,300,9642,13,129,4
133,954,137,5167,343,157,16,2059,976,36,1841,109,32,27,92,106,156,355,1180,496,551,17,253,20,25,111,48,595,40,9134,335,2,417,59,410,500,66,104,4,214,2446,150,557,359,10917,20,2666,2
410,1691,769,7696,592,1018,35,4302,1473,57,2392,307,119,116,301,386,247,802,2041,1028,796,102,427,46,105,195,123,2045,64,17508,844,22,912,170,535,1289,1206,271,31,630,4012,350,752,1298,24667,79,2953,11
985,1894,697,19739,800,1199,61,5979,1638,92,2748,368,188,188,1574,597,283,979,2779,1390,958,113,607,71,124,375,123,2979,166,26298,1321,30,1407,229,866,1678,2674,386,15,1011,6770,685,1241,1502,32052,82,885,15
697,1292,741,9825,437,261,48,3471,799,62,1389,170,49,54,276,381,83,498,974,742,663,62,446,20,46,190,53,891,92,11705,363,8,626,116,390,541,276,124,7,558,2244,225,442,803,17257,62,448,9
533,455,148,7085,273,226,45,1970,672,27,1124,223,45,35,385,166,102,449,1249,505,1186,28,490,11,43,81,35,726,82,10563,380,6,511,90,286,498,283,82,2,403,2034,156,506,591,11947,73,534,3
880,1932,511,10344,460,436,134,5433,1774,46,1574,481,130,128,537,442,228,1058,1780,989,1874,107,543,45,170,200,74,1435,121,18638,997,19,1205,237,557,1254,784,295,27,1308,3846,263,583,1480,24863,115,499,13
781,4125,656,15037,740,706,230,8621,2125,72,2172,432,170,160,569,1245,267,1145,2017,2435,1431,256,541,53,259,300,104,2641,129,26388,979,31,1430,269,679,1654,449,302,13,1410,4826,400,1111,1709,37432,91,330,29
295,3514,698,6620,680,193,11,3252,617,66,2243,255,48,37,167,399,65,409,1032,568,524,46,432,13,63,128,50,545,48,13402,351,16,341,115,465,439,207,101,5,590,2070,193,387,594,14885,24,326,6
195,4409,628,5845,714,313,21,3194,687,88,3002,291,40,109,105,454,106,736,1338,647,1055,54,446,12,42,118,23,748,66,18773,430,3,335,70,445,582,148,99,2,793,2080,111,299,667,14416,34,167,5
520,2418,659,7186,636,402,42,4459,1104,141,3335,529,143,128,374,1094,299,1002,1817,1020,938,134,642,21,108,151,109,1135,100,27861,715,20,748,173,592,1418,246,245,17,939,3632,181,213,1293,24177,58,413,11
1400,2080,992,17581,962,680,60,6796,2066,289,4060,584,278,164,823,1019,407,1372,2614,1416,1049,95,768,42,149,258,176,1796,232,35119,1070,31,1479,617,844,2292,472,307,22,1159,5457,558,1373,1529,38598,86,1239,14
717,1868,592,12452,500,197,25,4413,1718,125,1786,409,130,80,454,693,223,509,1509,1063,570,74,441,57,84,241,61,1172,112,19084,627,36,953,268,651,1086,195,211,8,768,4332,240,762,569,30317,52,505,16
446,480,140,8528,326,207,10,3031,678,327,1241,229,51,186,249,204,154,360,900,494,377,25,307,28,37,145,83,1341,67,11943,429,6,633,163,329,654,191,199,5,875,2324,148,614,374,18086,40,316,5
868,1001,468,13009,582,536,62,5840,1313,190,1714,495,171,303,509,533,426,897,2072,1497,629,85,464,40,111,175,162,1777,127,18447,924,15,1455,282,388,1408,291,484,15,1566,4207,221,560,1473,29037,105,819,15
819,1973,1254,14180,737,427,49,5858,1719,107,1920,352,146,145,403,1212,421,941,2503,1389,742,81,616,55,136,345,112,1376,137,24313,1014,65,1162,254,601,1759,255,307,24,849,4909,193,840,1247,37315,97,627,14
176,867,273,4427,175,97,8,1891,812,33,2497,252,18,116,205,278,87,246,872,330,567,22,167,34,43,108,30,371,49,8773,175,22,238,93,274,357,35,63,8,267,2043,70,245,299,11025,15,185,2
262,1143,368,6069,287,179,13,2995,1501,50,2615,494,78,113,314,315,108,313,1964,456,803,24,242,39,26,120,37,475,48,13890,241,48,311,87,343,534,74,103,5,361,2510,61,283,461,15423,26,218,7
754,1335,742,7401,510,574,42,7299,1935,55,3356,420,190,131,1439,605,209,764,1961,1928,821,92,449,52,96,178,71,1458,92,22594,656,72,815,209,672,1068,280,313,14,927,4709,119,921,855,30979,39,454,2
491,1019,750,12103,639,1084,59,7437,1794,60,3385,500,137,143,1384,921,550,1099,1695,2114,1117,68,425,37,196,305,110,1533,120,26169,890,35,1238,312,857,1538,329,244,13,1545,7052,158,1234,1134,42859,67,1742,12
1386,526,1297,8016,394,392,62,3460,1290,23,2763,274,49,247,383,944,609,621,1443,884,702,48,683,136,120,200,88,906,94,16347,547,20,910,177,509,757,116,251,11,834,5793,100,299,759,23422,74,593,9
173,317,457,4484,180,177,44,2003,1400,15,1044,360,38,32,344,586,325,504,1043,663,373,18,120,64,24,111,45,646,58,11226,289,9,624,113,324,564,107,70,4,605,3659,47,466,882,13919,21,386,1
412,791,1047,7208,358,556,54,8266,1776,33,3528,494,138,431,310,1092,1090,930,1797,958,737,88,510,56,156,177,61,1488,95,21319,698,15,1145,155,530,1021,213,244,9,853,5379,151,420,1541,25546,99,1114,20
462,1231,1054,11722,518,827,90,6355,1789,33,5618,325,143,1088,412,1083,842,613,2241,905,1171,78,1316,47,173,312,104,1291,146,26778,979,22,1277,193,595,1284,193,299,10,1171,6791,303,215,1281,29898,74,792,12
495,203,221,3951,122,130,16,1124,577,14,1403,76,32,119,61,430,116,186,1065,356,323,21,331,9,28,90,16,428,73,6819,189,4,1747,46,194,257,38,68,9,248,2084,56,87,310,7571,13,160,9
682,339,346,6857,173,332,24,2011,944,15,2050,138,46,180,95,424,121,267,2291,503,574,32,459,10,30,92,36,926,261,12711,277,6,2320,86,232,420,86,115,20,459,2864,55,119,420,11413,29,211,1
672,694,1414,10080,537,521,80,6958,1611,50,1948,397,165,335,211,523,467,771,3596,1655,832,108,776,40,133,184,126,1104,185,21722,945,27,2570,141,515,1215,202,282,17,914,4885,195,165,1173,20104,104,442,5
450,1137,900,17558,698,400,49,10374,2728,61,2485,352,226,228,302,583,541,735,3715,2224,643,129,603,68,222,305,93,1051,245,25239,1020,34,1754,393,663,1615,275,446,35,971,5872,242,136,1393,37058,80,1215,20
320,513,501,13761,470,257,21,4552,1274,36,1846,258,111,90,349,355,323,530,2074,1027,847,140,320,48,122,215,51,833,149,19372,530,37,688,200,681,890,63,527,13,1033,3924,251,1117,964,22069,49,2312,143
146,280,209,8596,253,325,14,3110,1094,20,1791,180,52,27,88,125,240,352,1990,1125,319,90,209,29,55,112,32,464,104,13508,330,6,442,98,337,537,35,768,3,570,2131,106,724,361,13481,25,2149,1
1633,519,191,13219,503,418,51,7028,1718,65,2364,390,199,151,1296,438,470,973,2188,1187,897,150,509,43,137,191,76,1159,104,19794,808,33,972,261,913,1176,355,720,15,1534,4212,233,613,2387,23977,85,3366,26
845,919,619,22027,726,631,74,6196,1873,89,2764,452,193,269,1228,773,413,1271,4031,995,672,152,604,72,133,349,105,1826,282,28858,1155,19,1495,375,1131,1389,300,553,30,1690,5774,574,1423,2709,34889,73,2135,118
259,412,1185,9858,598,410,22,3771,697,52,1376,290,74,147,364,300,194,469,3617,1101,613,65,420,36,64,224,122,1415,237,15477,458,389,524,161,590,668,74,359,12,993,4572,136,198,942,19535,40,575,79
186,261,818,7199,239,225,21,2541,548,9,1336,111,52,168,264,163,132,319,1736,448,635,40,143,8,34,115,52,590,508,17466,278,44,317,87,386,443,42,185,9,925,3513,66,245,610,13302,57,533,81
360,532,1508,9632,927,345,48,5759,1621,35,1804,771,154,195,478,473,214,929,2319,4014,1513,158,612,60,92,176,106,1814,285,23007,1056,946,879,150,587,1347,123,284,42,1187,6985,206,225,1762,30150,102,763,122
397,754,2375,19388,1536,841,62,5492,1355,77,1759,875,167,350,369,791,244,957,4994,3526,828,216,913,69,166,315,431,4639,258,19903,962,1516,1256,190,770,1385,225,686,74,1102,7199,352,128,1156,36392,77,645,37
368,8001,588,9856,809,314,25,5844,686,48,1127,572,123,130,602,466,428,564,2973,1708,611,98,439,16,70,295,183,2839,178,13217,608,393,1762,141,999,917,76,578,24,779,6785,532,85,1120,24050,65,411,39
188,11299,477,5975,559,306,31,3183,490,23,1002,179,33,38,356,296,229,394,2352,1221,1808,45,321,14,43,110,45,2781,101,10425,351,536,356,69,320,642,47,266,9,671,2459,341,78,640,13008,39,201,27
1069,7323,553,6786,892,472,35,6461,1262,45,1244,341,198,129,476,339,416,818,2580,2961,1103,122,422,32,95,150,105,2302,67,15972,803,365,1094,235,357,1698,122,1101,25,834,4407,287,242,1542,24996,79,524,19
897,4003,814,12643,830,474,58,7935,1381,80,2213,1564,200,189,792,579,542,972,4537,3499,1189,171,533,55,197,303,128,3632,162,18737,1191,229,2169,219,1218,1456,169,1155,45,877,12821,351,200,1502,38623,116,471,14
235,2411,538,11972,456,228,44,6080,905,42,1072,973,101,165,400,320,440,634,3731,1182,688,81,275,23,84,311,87,1738,88,19554,2921,79,2257,241,894,1077,715,769,28,614,7074,368,106,853,26811,177,234,7
279,1243,72,7037,311,174,22,5239,514,19,693,433,50,66,196,146,388,398,1349,1046,311,38,136,3,33,127,43,1541,57,12581,693,76,3137,76,744,540,745,711,16,384,4692,156,77,741,14009,52,130,4
417,755,363,11169,540,519,106,8600,1175,50,1500,2103,135,180,422,347,463,1042,2251,2089,1654,124,409,49,245,225,147,2519,121,23478,2935,90,2894,192,1124,1292,2179,889,40,940,4991,298,172,1389,29839,97,446,11
343,2465,604,16031,769,630,113,8376,1421,63,1584,1962,228,246,466,613,350,1232,5165,1822,1599,130,379,95,275,399,175,1718,176,29004,7032,81,2438,225,980,1834,1744,574,40,794,6632,467,169,1273,36214,125,464,19
129,1138,2312,12385,385,973,30,10074,1426,40,1349,742,86,193,607,777,354,559,2183,972,589,120,192,43,81,345,43,1670,206,14317,1992,64,1247,184,604,925,526,310,36,577,4056,122,101,606,24774,34,395,9
131,1048,288,8277,179,230,28,2691,973,28,1083,580,37,78,188,131,202,517,2428,723,355,32,114,13,51,100,54,1049,119,11973,2034,57,1422,88,519,632,566,222,11,339,2828,60,76,338,14966,50,88,1
243,1149,1046,10438,403,464,81,5878,2228,39,2268,580,185,175,391,334,489,782,2736,1899,687,107,326,42,150,172,124,1820,117,16654,1908,78,1557,172,950,1244,560,520,91,730,4529,172,117,1013,25828,110,335,7
207,565,1851,9683,397,245,67,4976,1632,62,2085,246,118,117,694,1175,303,527,1994,988,420,152,209,17,128,223,82,1488,106,13153,996,57,1071,141,637,932,446,228,83,458,3862,231,192,742,23267,48,471,7
53,233,1038,5585,185,402,17,6652,695,12,843,136,36,91,289,375,175,282,836,627,643,49,123,23,39,108,29,652,75,7104,306,21,435,68,342,701,299,96,36,251,1842,108,31,439,12108,85,272,10
65,272,1436,6145,178,759,29,6606,919,8,3136,142,33,124,435,427,280,266,1022,506,622,19,132,10,30,118,74,1110,125,9307,366,37,694,56,450,1252,130,109,32,345,2063,92,109,506,14266,37,360,5
142,410,1716,7473,440,896,47,10507,840,25,2440,276,97,178,501,1297,433,1057,1596,831,2147,72,249,15,90,148,94,1501,83,18861,676,57,983,116,497,1848,187,173,35,450,3086,170,94,768,24761,65,451,16
282,667,1162,12916,747,780,27,13818,1187,40,2392,337,187,147,432,1214,275,948,2588,2386,2253,82,216,32,133,205,84,1260,91,21456,661,75,767,174,668,1682,302,167,37,555,3497,299,224,982,26561,136,472,17
122,537,203,6961,284,203,30,5472,594,30,1250,145,55,120,304,332,168,569,1282,1448,665,47,243,35,64,123,43,761,100,9623,393,58,555,90,311,965,258,201,10,404,2411,124,360,699,17992,115,324,4
81,232,380,5084,170,218,12,5050,455,15,797,112,46,61,122,256,147,505,1140,2503,605,11,161,16,44,99,50,575,28,11296,243,27,376,62,408,589,281,80,9,198,1587,62,275,400,13972,122,157,4
518,769,698,10793,511,561,49,6921,1238,59,2060,342,174,159,632,808,269,1331,2156,2496,1334,107,531,137,217,244,131,1430,137,21396,740,34,1163,186,398,1512,387,132,70,755,3874,167,209,1774,41342,126,459,18
484,2672,491,18505,641,731,63,9438,1456,75,3999,340,202,185,1449,796,214,1296,2777,2585,1111,169,598,59,184,309,95,2908,190,18996,1149,76,1998,199,667,1886,370,679,36,948,5204,366,93,1682,41417,74,854,37
163,612,200,11681,440,329,40,4466,1116,25,4875,243,187,113,325,387,132,490,2434,4920,914,52,908,185,104,207,54,802,127,12435,524,29,798,155,580,1195,112,264,39,643,3453,210,50,859,27593,50,365,10
115,464,120,6360,230,153,27,3896,591,44,1122,119,58,89,259,180,115,478,1615,8104,661,38,220,34,97,125,27,511,41,9471,400,35,516,64,702,592,143,164,15,509,1766,91,35,717,16442,32,513,11
590,724,271,7835,521,399,64,5819,1338,66,2213,420,159,237,362,437,243,1039,2251,9150,1009,134,1138,53,259,191,132,1329,197,15890,1035,42,1342,394,861,1254,205,685,32,1161,4385,298,40,1603,29622,66,474,21
427,1574,530,17855,724,344,57,4784,1678,68,7622,554,219,245,419,538,178,970,3266,5402,789,119,1337,54,198,369,118,1110,279,20673,967,31,2113,473,690,1647,260,504,42,1006,7205,749,65,1602,41466,80,525,10
385,467,257,8617,422,254,53,3305,1086,43,4900,293,462,85,519,367,173,502,2005,1294,695,56,759,92,108,116,54,561,102,11387,471,25,960,159,844,1289,232,240,20,701,6548,225,208,745,25874,82,248,39
1497,304,82,8749,275,323,14,2791,918,28,5772,276,102,51,128,252,128,307,1636,1271,1227,11,793,89,60,89,31,465,111,11510,644,16,614,149,396,835,62,150,6,410,2779,109,200,495,31329,38,159,1
2678,534,324,10578,646,742,50,6304,2534,47,5540,732,605,132,384,663,196,1166,2413,1602,1582,113,980,88,129,186,136,1290,125,18023,986,36,1305,192,946,1592,128,656,33,902,4957,692,147,1322,41163,97,364,12
1482,602,405,12122,668,601,55,5487,2371,88,3994,535,1153,189,1136,756,156,1066,2759,2098,1141,131,494,90,171,217,81,1104,148,15416,756,34,1027,162,1224,2606,294,606,30,1264,8844,393,240,1176,34573,75,475,67
452,584,966,8211,423,201,16,3029,635,33,1218,237,249,82,346,251,129,405,1418,1958,424,29,464,22,71,172,45,695,95,7994,391,18,439,89,623,1022,196,187,27,386,4281,391,343,524,17620,45,154,56
343,291,198,7081,191,272,33,2829,685,23,1316,261,319,58,367,167,134,379,1594,2485,392,13,507,14,36,152,36,505,52,9319,292,12,462,65,874,997,69,162,13,375,4171,249,62,672,16332,34,157,74
721,868,3318,9133,472,543,72,5242,1126,58,2098,478,553,183,787,454,495,940,2769,2662,1477,90,567,32,165,186,113,1405,99,18764,821,30,908,159,728,2105,273,626,47,886,6933,286,135,1709,32448,58,471,57
655,1225,4589,12808,1051,538,49,8190,1449,56,2247,438,388,215,653,704,538,1099,2908,2213,988,130,450,91,165,290,124,2051,156,23412,893,14,1163,227,847,2348,426,573,69,1003,7147,281,2555,1175,34013,76,676,17
705,628,1750,9144,438,155,16,5457,500,52,979,137,119,67,432,235,218,449,1487,596,725,49,201,30,45,145,45,886,72,11640,525,170,1430,179,601,849,274,340,16,671,3273,291,661,511,18930,36,332,7
535,380,1505,8432,386,151,26,4925,532,44,1785,126,105,49,189,172,230,281,1352,537,646,11,190,23,30,84,28,910,54,10631,404,17,1442,122,610,698,225,212,8,401,2522,160,951,383,12770,21,153,2
746,523,1151,10899,544,545,51,8514,916,44,2899,427,233,148,638,360,453,1005,2218,1202,781,69,311,26,155,148,64,1404,124,15705,823,25,4092,229,691,1425,305,363,32,897,4624,292,559,1188,20552,118,520,14
754,1018,828,11584,691,351,50,7867,952,78,2546,274,272,192,896,322,360,1037,3332,1082,1372,70,307,59,132,305,64,1239,146,17908,998,22,4003,267,512,1414,379,832,27,791,4238,369,350,954,28803,83,346,8
148,818,144,3789,227,82,8,2018,364,44,642,140,34,699,283,90,254,208,777,192,386,21,145,9,56,101,16,489,48,5540,319,51,1098,64,413,381,102,156,8,388,2110,135,45,178,10476,11,178,4
178,968,184,5643,239,146,17,2755,493,24,1224,164,45,795,575,112,370,396,1411,308,426,21,281,9,71,143,39,585,44,12829,489,57,1511,62,676,516,246,317,10,676,2873,143,85,313,15551,43,184,2
2329,975,735,6988,465,369,48,5782,879,45,1554,251,126,1178,538,767,493,584,2494,2061,1094,278,377,37,127,134,91,1019,92,15381,1134,34,1347,522,493,1254,227,647,82,841,3287,252,93,838,22311,66,493,32
1363,851,1556,16649,597,370,55,4499,1069,54,1962,327,330,511,319,505,207,707,2313,2496,724,250,416,18,176,196,83,1211,109,19410,1370,23,1007,438,564,1128,256,569,171,828,4682,337,74,1199,25268,92,955,17
172,808,225,4863,145,1091,9,971,313,35,517,192,83,71,251,122,58,408,959,652,180,31,89,11,41,58,5,263,40,7527,341,8,240,90,431,274,53,79,59,267,1932,78,38,209,7388,28,340,1
204,962,1033,6784,156,1753,15,1516,482,47,908,1141,61,65,217,120,118,1367,2217,951,186,42,171,6,37,70,17,413,54,12440,464,31,396,144,816,705,230,107,35,1156,2352,113,46,312,11134,26,366,2
388,1320,611,12760,411,4331,44,6535,881,67,1525,561,189,137,321,298,443,1224,2795,1296,981,99,305,42,146,125,43,3288,130,20083,839,33,1290,193,1041,1288,195,299,70,1321,4491,220,349,1194,24856,84,1007,95
251,1070,212,15987,582,3208,44,7932,945,41,1096,239,257,154,285,324,204,628,2681,1311,648,113,489,39,469,434,115,2597,251,21032,799,34,1624,147,713,1241,177,215,37,1250,4947,499,248,1132,26137,163,782,21
280,962,690,12041,582,992,17,4755,2692,196,1098,411,123,110,294,449,157,2205,2380,1579,747,63,643,37,174,291,46,1416,120,18051,752,32,1180,169,1307,1191,494,185,34,1254,5488,326,227,1077,24112,162,477,24
83,785,510,6390,270,912,16,2861,422,151,862,108,33,28,147,241,171,234,1177,477,721,11,524,20,168,263,23,655,113,11988,374,13,431,88,443,537,72,75,6,810,3174,129,109,530,15203,42,105,3
674,1401,1290,7702,628,787,43,4255,1069,538,1259,720,173,120,218,356,240,991,1702,1973,1179,80,710,39,186,256,71,1542,143,20686,776,20,1134,162,909,1395,192,166,19,1096,4431,212,116,1668,23668,108,530,22
682,1629,1269,17024,875,689,33,6030,3974,370,2225,598,264,190,562,673,354,1991,2390,2727,924,132,619,40,160,297,140,2408,210,28438,1097,58,2201,253,1906,1709,366,271,29,1153,5842,309,85,1647,29154,116,849,19
301,504,344,5911,186,186,7,1835,1348,98,535,141,110,30,92,156,58,1508,903,848,378,52,193,11,89,127,30,569,78,8909,223,54,374,522,585,360,366,279,7,316,2566,94,84,618,12733,26,171,5
261,431,305,5046,187,423,17,2079,1238,68,1942,152,77,25,134,151,145,1937,1352,1055,417,45,233,25,59,113,16,622,51,10608,266,54,436,549,720,471,419,283,9,592,2241,55,48,693,12586,85,175,11
399,1057,372,10735,581,814,58,4452,2260,83,2206,341,179,133,441,422,416,3050,2674,1751,747,144,360,35,215,168,78,1300,91,20905,1040,70,1158,465,827,1278,407,725,25,765,4020,327,92,1587,28939,130,477,18
660,965,851,15382,818,821,63,7284,1816,80,1999,317,637,141,646,605,283,2004,3101,2886,1126,129,462,60,200,318,187,1509,222,28624,1014,48,1820,312,821,1453,681,2223,73,835,4571,480,543,1907,38410,149,638,10
78,324,198,7518,196,172,9,2079,330,16,474,99,239,46,172,197,44,553,693,408,480,43,302,9,37,98,27,527,76,7250,451,48,331,47,394,856,135,624,8,802,2646,124,150,333,11245,30,111,3
155,294,169,7102,146,228,35,3308,585,25,701,136,317,35,105,200,105,625,1047,658,382,45,402,12,40,150,51,629,53,10133,552,23,366,81,442,826,145,641,8,1039,2624,97,196,556,12144,28,192,4
276,1591,388,9458,514,518,77,7208,1572,43,1423,656,309,104,746,550,280,1173,1904,1072,1612,93,725,36,209,188,104,1294,142,17971,1405,21,979,208,933,1318,269,942,24,961,6261,219,162,1449,27924,68,569,10
626,1184,2187,22019,885,871,73,5763,2024,75,2092,517,255,158,3336,546,188,1685,2179,1112,1442,131,691,129,194,403,143,1532,308,25520,985,41,1658,322,1155,1681,344,514,32,906,8029,343,152,1525,47930,79,652,25
224,599,1025,12986,529,325,12,3260,913,36,827,201,61,132,1268,589,184,595,3543,708,700,93,327,29,65,170,63,1353,229,18366,684,15,1050,159,807,745,535,196,11,605,2467,203,127,787,24244,24,243,20
169,291,505,7632,385,359,17,2606,870,66,753,160,86,35,1001,224,183,570,2511,418,405,38,396,33,31,118,40,648,190,15027,483,18,863,102,801,569,178,121,4,692,1876,70,41,975,17156,12,136,17
426,429,597,10177,631,540,96,4085,1782,52,1523,431,188,122,1071,1626,574,1195,9279,1154,1179,83,473,35,155,164,190,1529,147,18551,1076,14,1395,234,1010,1359,338,322,18,1037,3215,319,203,1719,29013,60,555,33
412,1373,771,18139,729,559,68,5776,1812,84,2086,581,206,532,986,2289,589,957,5503,1484,1636,175,448,48,210,325,98,1755,296,27537,1330,44,1752,260,961,1599,302,482,38,943,3787,476,302,1856,39143,66,708,23
525,472,432,10040,299,153,26,2137,495,23,773,100,82,129,471,470,110,509,3505,646,629,42,186,15,64,130,23,1010,118,16712,316,59,409,466,431,603,101,86,13,383,2104,178,340,552,16529,22,272,2
304,466,441,8077,283,187,21,2234,603,9,637,93,51,110,477,337,153,360,4584,753,579,31,150,11,27,104,32,1057,108,20272,419,5,452,115,495,850,59,127,7,453,1404,144,268,501,15689,42,433,5
327,1105,746,9444,495,398,44,5061,1285,40,1523,356,180,282,667,440,318,1828,6481,1217,1186,115,383,59,175,227,71,2831,143,25864,858,6,868,211,670,1499,276,277,82,642,3418,278,263,1066,32365,97,485,2
445,1449,221,12846,547,262,60,3673,1055,56,1795,230,250,207,1141,452,365,2821,5405,794,613,110,305,44,191,324,131,1748,169,19637,751,151,975,548,766,1295,434,226,41,684,4365,270,1891,875,32696,38,383,10
